Accuracy =  0.7961297631263733
Precision =  0.5973597168922424
Recall =  0.5660672187805176
AUC =  0.832899272441864
